87697924082
80454287346
42040401906
77016580082
4294967282
42040401906
61544959986
34349361138
51051261938
58773123058
823851890
38039601138
67402326002
61544959986
#ID:1
34349361138
34349361138
77016580082
67402326002
64420401138
4294967282
42040401906
61544959986
34349361138
51051261938
58773123058
823851890
38039601138
67402326002
61544959986
#ID:2
61544959986
51051261938
56102068210
42040401906
4294967282
42040401906
61544959986
34349361138
51051261938
58773123058
823851890
38039601138
67402326002
61544959986
#ID:3
36156833778
42040401906
42040401906
4294967282
42040401906
61544959986
34349361138
51051261938
58773123058
823851890
38039601138
67402326002
61544959986
#ID:4